import Elipsoide

# FORMULAÇÃO GEODESICA (PARÂMETROS DO ELIPSOIDE GRS80)

a_grs80 = 6378137  # semi eixo maior
b_grs80 = 6356752.3141  # semi eixo menor
e1_grs80 = 0.00669438002290  # 1º excentricidade
e2_grs80 = 0.00673949677548  # 2º excentricidade
f_grs80 = 0.00335281068118  # achatamento

teste = Elipsoide(a= a_grs80, b= b_grs80, e1= e1_grs80, e2= e2_grs80, f= f_grs80)


